year	month	decimal_date	average	sd	indicator
1976	5	1976.3689	328.861	0.165	5
1976	6	1976.4536	328.988	0.285	6
1976	7	1976.5355	329.653	0.282	7
1976	8	1976.6202	330.55	0.201	8
1976	9	1976.7049	330.872	0.234	9
1976	10	1976.7869	330.899	0.015	10
1976	11	1976.8716	330.883	0.243	11
1976	12	1976.9536	330.677	0.187	12
1977	1	1977.0384	330.529	0.235	13
1977	2	1977.1233	330.543	0.198	14
1977	3	1977.2	330.724	0.119	15
1977	4	1977.2849	330.805	0.178	16
1977	5	1977.3671	331.007	0.132	17
1977	6	1977.4521	331.5	0.203	18
1977	7	1977.5342	331.8	0.206	19
1977	8	1977.6192	332.327	0.216	20
1977	9	1977.7041	332.94	0.113	21
1977	10	1977.7863	333.034	0.199	22
1977	11	1977.8712	332.778	0.226	23
1977	12	1977.9534	332.377	0.259	24
1978	1	1978.0384	332.094	0.201	25
1978	2	1978.1233	332.175	0.245	26
1978	3	1978.2	332.398	0.198	27
1978	4	1978.2849	332.474	0.201	28
1978	5	1978.3671	332.646	0.2	29
1978	6	1978.4521	333.015	0.102	30
1978	7	1978.5342	333.317	0.236	31
1978	8	1978.6192	333.926	0.363	32
1978	9	1978.7041	334.977	0.387	33
1978	10	1978.7863	335.333	0.203	34
1978	11	1978.8712	334.826	0.203	35
1978	12	1978.9534	334.531	0.197	36
1979	1	1979.0384	334.498	0.211	37
1979	2	1979.1233	334.585	0.21	38
1979	3	1979.2	334.763	0.198	39
1979	4	1979.2849	334.703	0.217	40
1979	5	1979.3671	334.626	0.177	41
1979	6	1979.4521	334.889	0.197	42
1979	7	1979.5342	335.452	0.265	43
1979	8	1979.6192	335.936	0.172	44
1979	9	1979.7041	335.981	0.213	45
1979	10	1979.7863	335.979	0.024	46
1979	11	1979.8712	335.971	0.215	47
1979	12	1979.9534	335.733	0.242	48
1980	1	1980.0383	335.678	0.204	49
1980	2	1980.123	335.778	0.188	50
1980	3	1980.2022	335.898	0.179	51
1980	4	1980.2869	336.057	0.179	52
1980	5	1980.3689	336.185	0.201	53
1980	6	1980.4536	336.532	0.229	54
1980	7	1980.5355	336.93	0.222	55
1980	8	1980.6202	337.096	0.17	56
1980	9	1980.7049	337.19	0.215	57
1980	10	1980.7869	337.116	0.201	58
1980	11	1980.8716	336.938	0.237	59
1980	12	1980.9536	336.916	0.232	60
1981	1	1981.0384	337.089	0.183	61
1981	2	1981.1233	337.23	0.227	62
1981	3	1981.2	337.226	0.128	63
1981	4	1981.2849	337.174	0.17	64
1981	5	1981.3671	337.346	0.178	65
1981	6	1981.4521	337.587	0.17	66
1981	7	1981.5342	337.832	0.086	67
1981	8	1981.6192	338.093	0.204	68
1981	9	1981.7041	338.165	0.21	69
1981	10	1981.7863	338.072	0.229	70
1981	11	1981.8712	338	0.235	71
1981	12	1981.9534	337.768	0.127	72
1982	1	1982.0384	337.306	0.193	73
1982	2	1982.1233	337.127	0.179	74
1982	3	1982.2	337.274	0.29	75
1982	4	1982.2849	337.698	0.241	76
1982	5	1982.3671	338.032	0.187	77
1982	6	1982.4521	338.186	0.153	78
1982	7	1982.5342	338.551	0.186	79
1982	8	1982.6192	338.898	0.153	80
1982	9	1982.7041	338.822	0.213	81
1982	10	1982.7863	338.634	0.195	82
1982	11	1982.8712	338.557	0.163	83
1982	12	1982.9534	338.328	0.171	84
1983	1	1983.0384	338.307	0.17	85
1983	2	1983.1233	338.427	0.184	86
1983	3	1983.2	338.519	0.186	87
1983	4	1983.2849	339.115	0.241	88
1983	5	1983.3671	339.532	0.141	89
1983	6	1983.4521	339.601	0.156	90
1983	7	1983.5342	340.338	0.446	91
1983	8	1983.6192	341.204	0.237	92
1983	9	1983.7041	341.354	0.163	93
1983	10	1983.7863	341.257	0.18	94
1983	11	1983.8712	341.296	0.155	95
1983	12	1983.9534	341.307	0.111	96
1984	1	1984.0383	341.273	0.11	97
1984	2	1984.123	341.271	0.122	98
1984	3	1984.2022	341.242	0.114	99
1984	4	1984.2869	341.232	0.138	100
1984	5	1984.3689	341.39	0.129	101
1984	6	1984.4536	341.62	0.163	102
1984	7	1984.5355	341.935	0.166	103
1984	8	1984.6202	342.359	0.158	104
1984	9	1984.7049	342.508	0.145	105
1984	10	1984.7869	342.472	0.173	106
1984	11	1984.8716	342.426	0.171	107
1984	12	1984.9536	342.342	0.154	108
1985	1	1985.0384	342.329	0.142	109
1985	2	1985.1233	342.289	0.101	110
1985	3	1985.2	342.319	0.124	111
1985	4	1985.2849	342.488	0.145	112
1985	5	1985.3671	342.768	0.153	113
1985	6	1985.4521	343.159	0.177	114
1985	7	1985.5342	343.656	0.195	115
1985	8	1985.6192	344.069	0.151	116
1985	9	1985.7041	344.197	0.149	117
1985	10	1985.7863	344.195	0.184	118
1985	11	1985.8712	343.945	0.211	119
1985	12	1985.9534	343.71	0.175	120
1986	1	1986.0384	343.715	0.157	121
1986	2	1986.1233	343.741	0.098	122
1986	3	1986.2	343.765	0.115	123
1986	4	1986.2849	343.784	0.143	124
1986	5	1986.3671	343.917	0.166	125
1986	6	1986.4521	344.236	0.188	126
1986	7	1986.5342	344.685	0.199	127
1986	8	1986.6192	345.057	0.161	128
1986	9	1986.7041	345.237	0.16	129
1986	10	1986.7863	345.307	0.125	130
1986	11	1986.8712	345.205	0.184	131
1986	12	1986.9534	344.955	0.167	132
1987	1	1987.0384	344.717	0.151	133
1987	2	1987.1233	344.702	0.098	134
1987	3	1987.2	344.858	0.133	135
1987	4	1987.2849	345.053	0.135	136
1987	5	1987.3671	345.442	0.188	137
1987	6	1987.4521	346.005	0.215	138
1987	7	1987.5342	346.472	0.164	139
1987	8	1987.6192	346.965	0.21	140
1987	9	1987.7041	347.257	0.17	141
1987	10	1987.7863	347.303	0.175	142
1987	11	1987.8712	347.406	0.101	143
1987	12	1987.9534	347.405	0.137	144
1988	1	1988.0383	347.357	0.16	145
1988	2	1988.123	347.368	0.163	146
1988	3	1988.2022	347.428	0.116	147
1988	4	1988.2869	347.607	0.186	148
1988	5	1988.3689	347.812	0.147	149
1988	6	1988.4536	348.252	0.256	150
1988	7	1988.5355	348.912	0.216	151
1988	8	1988.6202	349.156	0.142	152
1988	9	1988.7049	349.051	0.097	153
1988	10	1988.7869	348.948	0.139	154
1988	11	1988.8716	348.872	0.126	155
1988	12	1988.9536	348.832	0.146	156
1989	1	1989.0384	348.717	0.122	157
1989	2	1989.1233	348.756	0.152	158
1989	3	1989.2	348.976	0.154	159
1989	4	1989.2849	349.056	0.085	160
1989	5	1989.3671	349.065	0.122	161
1989	6	1989.4521	349.297	0.2	162
1989	7	1989.5342	349.682	0.133	163
1989	8	1989.6192	350.047	0.156	164
1989	9	1989.7041	350.222	0.115	165
1989	10	1989.7863	350.147	0.173	166
1989	11	1989.8712	350.072	0.111	167
1989	12	1989.9534	349.966	0.13	168
1990	1	1990.0384	349.849	0.128	169
1990	2	1990.1233	349.894	0.104	170
1990	3	1990.2	350.055	0.142	171
1990	4	1990.2849	350.35	0.166	172
1990	5	1990.3671	350.612	0.234	173
1990	6	1990.4521	350.892	0.169	174
1990	7	1990.5342	351.374	0.179	175
1990	8	1990.6192	351.736	0.157	176
1990	9	1990.7041	351.773	0.154	177
1990	10	1990.7863	351.784	0.139	178
1990	11	1990.8712	351.808	0.129	179
1990	12	1990.9534	351.614	0.15	180
1991	1	1991.0384	351.454	0.181	181
1991	2	1991.1233	351.551	0.184	182
1991	3	1991.2	351.705	0.115	183
1991	4	1991.2849	351.879	0.155	184
1991	5	1991.3671	352.283	0.174	185
1991	6	1991.4521	352.654	0.218	186
1991	7	1991.5342	352.86	0.125	187
1991	8	1991.6192	353.191	0.136	188
1991	9	1991.7041	353.328	0.135	189
1991	10	1991.786301	353.933	0.1627	190
1991	11	1991.871233	353.687	0.1114	191
1991	12	1991.953425	353.565	0.4486	192
1992	1	1992.038251	353.357	0.2083	193
1992	2	1992.122951	353.239	0.6107	194
1992	3	1992.202186	353.168	0.086	195
1992	4	1992.286885	353.358	0.1914	196
1992	5	1992.368852	353.736	0.1576	197
1992	6	1992.453552	354.172	0.2228	198
1992	7	1992.535519	354.691	0.1846	199
1992	8	1992.620219	354.883	0.2297	200
1992	9	1992.704918	355.01	0.1907	201
1992	10	1992.786885	355.07	0.1459	202
1992	11	1992.871585	354.847	0.1078	203
1992	12	1992.953552	354.587	0.2248	204
1993	1	1993.038356	354.264	0.1825	205
1993	2	1993.123288	354.189	0.1206	206
1993	3	1993.2	354.405	0.1234	207
1993	4	1993.284932	354.343	0.1857	208
1993	5	1993.367123	354.311	0.2046	209
1993	6	1993.452055	354.745	0.2452	210
1993	7	1993.534247	355.222	0.3411	211
1993	8	1993.619178	355.641	0.2372	212
1993	9	1993.70411	355.863	0.0996	213
1993	10	1993.786301	355.91	0.211	214
1993	11	1993.871233	355.808	0.2144	215
1993	12	1993.953425	355.484	0.1164	216
1994	1	1994.038356	355.135	0.0723	217
1994	2	1994.123288	355.122	0.349	218
1994	3	1994.2	355.434	0.3269	219
1994	4	1994.284932	355.725	0.1915	220
1994	5	1994.367123	355.949	0.23	221
1994	6	1994.452055	356.211	0.1995	222
1994	7	1994.534247	356.699	0.2714	223
1994	8	1994.619178	357.265	0.191	224
1994	9	1994.70411	357.585	0.1013	225
1994	10	1994.786301	357.606	0.152	226
1994	11	1994.871233	357.494	0.1174	227
1994	12	1994.953425	357.464	0.2186	228
1995	1	1995.038356	357.552	0.2122	229
1995	2	1995.123288	357.659	0.3402	230
1995	3	1995.2	357.677	0.1719	231
1995	4	1995.284932	357.653	0.1482	232
1995	5	1995.367123	357.924	0.1966	233
1995	6	1995.452055	358.325	0.1794	234
1995	7	1995.534247	358.615	0.1719	235
1995	8	1995.619178	358.948	0.1715	236
1995	9	1995.70411	359.227	0.1863	237
1995	10	1995.786301	359.34	0.2115	238
1995	11	1995.871233	359.409	0.1585	239
1995	12	1995.953425	359.665	0.1832	240
1996	1	1996.038251	359.562	0.2099	241
1996	2	1996.122951	359.217	0.1334	242
1996	3	1996.202186	359.206	0.2885	243
1996	4	1996.286885	359.255	0.1737	244
1996	5	1996.368852	359.441	0.1436	245
1996	6	1996.453552	359.925	0.2338	246
1996	7	1996.535519	360.349	0.1533	247
1996	8	1996.620219	360.686	0.1795	248
1996	9	1996.704918	360.82	0.1863	249
1996	10	1996.786885	360.693	0.1531	250
1996	11	1996.871585	360.542	0.2113	251
1996	12	1996.953552	360.411	0.1537	252
1997	1	1997.038356	360.43	0.2095	253
1997	2	1997.123288	360.547	0.2516	254
1997	3	1997.2	360.588	0.1832	255
1997	4	1997.284932	360.653	0.1602	256
1997	5	1997.367123	360.817	0.1779	257
1997	6	1997.452055	361.022	0.1489	258
1997	7	1997.534247	361.42	0.2512	259
1997	8	1997.619178	361.881	0.1762	260
1997	9	1997.70411	362.14	0.1398	261
1997	10	1997.786301	362.276	0.1994	262
1997	11	1997.871233	362.248	0.181	263
1997	12	1997.953425	362.188	0.1581	264
1998	1	1998.038356	362.166	0.1925	265
1998	2	1998.123288	362.306	0.1758	266
1998	3	1998.2	362.602	0.1662	267
1998	4	1998.284932	362.883	0.1247	268
1998	5	1998.367123	363.248	0.2124	269
1998	6	1998.452055	363.672	0.1792	270
1998	7	1998.534247	364.192	0.1974	271
1998	8	1998.619178	364.811	0.1769	272
1998	9	1998.70411	365.182	0.2029	273
1998	10	1998.786301	365.204	0.1682	274
1998	11	1998.871233	365.074	0.1644	275
1998	12	1998.953425	364.989	0.0806	276
1999	1	1999.038356	365.133	0.2092	277
1999	2	1999.123288	365.185	0.1735	278
1999	3	1999.2	364.996	0.1709	279
1999	4	1999.284932	365.058	0.1697	280
1999	5	1999.367123	365.296	0.1629	281
1999	6	1999.452055	365.447	0.2415	282
1999	7	1999.534247	365.739	0.2417	283
1999	8	1999.619178	366.175	0.2161	284
1999	9	1999.70411	366.535	0.1428	285
1999	10	1999.786301	366.692	0.2954	286
1999	11	1999.871233	366.631	0.1826	287
1999	12	1999.953425	366.636	0.1249	288
2000	1	2000.038251	366.689	0.1787	289
2000	2	2000.122951	366.494	0.3051	290
2000	3	2000.202186	366.261	0.2028	291
2000	4	2000.286885	366.2	0.224	292
2000	5	2000.368852	366.42	0.1817	293
2000	6	2000.453552	366.868	0.1564	294
2000	7	2000.535519	367.277	0.1616	295
2000	8	2000.620219	367.521	0.1891	296
2000	9	2000.704918	367.739	0.2072	297
2000	10	2000.786885	367.867	0.0734	298
2000	11	2000.871585	367.796	0.0526	299
2000	12	2000.953552	367.7	0.1343	300
2001	1	2001.038356	367.649	0.144	301
2001	2	2001.123288	367.592	0.0372	302
2001	3	2001.2	367.579	0.139	303
2001	4	2001.284932	367.749	0.1794	304
2001	5	2001.367123	367.981	0.1934	305
2001	6	2001.452055	368.225	0.2252	306
2001	7	2001.534247	368.64	0.1714	307
2001	8	2001.619178	369.188	0.266	308
2001	9	2001.70411	369.688	0.2504	309
2001	10	2001.786301	369.793	0.2207	310
2001	11	2001.871233	369.546	0.2336	311
2001	12	2001.953425	369.39	0.2059	312
2002	1	2002.038356	369.469	0.229	313
2002	2	2002.123288	369.532	0.1661	314
2002	3	2002.2	369.585	0.148	315
2002	4	2002.284932	369.752	0.0838	316
2002	5	2002.367123	370.001	0.152	317
2002	6	2002.452055	370.464	0.2055	318
2002	7	2002.534247	371.041	0.2214	319
2002	8	2002.619178	371.532	0.2032	320
2002	9	2002.70411	371.87	0.1428	321
2002	10	2002.786301	372.009	0.092	322
2002	11	2002.871233	371.894	0.1114	323
2002	12	2002.953425	371.701	0.2226	324
2003	1	2003.038356	371.675	0.056	325
2003	2	2003.123288	371.754	0.101	326
2003	3	2003.2	371.952	0.1421	327
2003	4	2003.284932	372.238	0.2829	328
2003	5	2003.367123	372.526	0.1043	329
2003	6	2003.452055	372.868	0.2569	330
2003	7	2003.534247	373.333	0.1708	331
2003	8	2003.619178	373.868	0.1586	332
2003	9	2003.70411	374.162	0.1712	333
2003	10	2003.786301	374.09	0.1169	334
2003	11	2003.871233	373.873	0.1412	335
2003	12	2003.953425	373.689	0.1074	336
2004	1	2004.038251	373.662	0.2714	337
2004	2	2004.122951	373.793	0.2733	338
2004	3	2004.202186	373.878	0.0759	339
2004	4	2004.286885	374.018	0.1872	340
2004	5	2004.368852	374.404	0.2435	341
2004	6	2004.453552	374.883	0.1927	342
2004	7	2004.535519	375.288	0.1702	343
2004	8	2004.620219	375.628	0.1357	344
2004	9	2004.704918	375.781	0.118	345
2004	10	2004.786885	375.808	0.1508	346
2004	11	2004.871585	375.799	0.1416	347
2004	12	2004.953552	375.616	0.1014	348
2005	1	2005.038356	375.467	0.2615	349
2005	2	2005.123288	375.511	0.0994	350
2005	3	2005.2	375.537	0.1753	351
2005	4	2005.284932	375.676	0.0992	352
2005	5	2005.367123	376.277	0.3357	353
2005	6	2005.452055	377.034	0.3044	354
2005	7	2005.534247	377.406	0.2712	355
2005	8	2005.619178	377.689	0.1192	356
2005	9	2005.70411	377.963	0.0512	357
2005	10	2005.786301	378.043	0.1045	358
2005	11	2005.871233	377.986	0.0368	359
2005	12	2005.953425	377.87	0.0742	360
2006	1	2006.038356	377.962	0.2366	361
2006	2	2006.123288	378.093	0.206	362
2006	3	2006.2	378.104	0.1071	363
2006	4	2006.284932	378.168	0.2054	364
2006	5	2006.367123	378.29	0.1141	365
2006	6	2006.452055	378.521	0.0959	366
2006	7	2006.534247	378.917	0.1849	367
2006	8	2006.619178	379.368	0.141	368
2006	9	2006.70411	379.588	0.0876	369
2006	10	2006.786301	379.522	0.1368	370
2006	11	2006.871233	379.478	0.2463	371
2006	12	2006.953425	379.549	0.1133	372
2007	1	2007.038356	379.48	0.1792	373
2007	2	2007.123288	379.447	0.0657	374
2007	3	2007.2	379.551	0.1565	375
2007	4	2007.284932	379.753	0.0897	376
2007	5	2007.367123	380.125	0.1603	377
2007	6	2007.452055	380.51	0.1512	378
2007	7	2007.534247	381.019	0.1772	379
2007	8	2007.619178	381.435	0.1033	380
2007	9	2007.70411	381.642	0.3885	381
2007	10	2007.786301	381.773	0.1519	382
2007	11	2007.871233	381.749	0.1276	383
2007	12	2007.953425	381.701	0.2185	384
2008	1	2008.038251	381.768	0.0739	385
2008	2	2008.122951	381.846	0.1896	386
2008	3	2008.202186	381.848	0.0814	387
2008	4	2008.286885	381.946	0.2099	388
2008	5	2008.368852	382.214	0.1455	389
2008	6	2008.453552	382.712	0.2011	390
2008	7	2008.535519	383.06	0.105	391
2008	8	2008.620219	383.421	0.2623	392
2008	9	2008.704918	383.821	0.1522	393
2008	10	2008.786885	383.783	0.145	394
2008	11	2008.871585	383.629	0.2606	395
2008	12	2008.953552	383.703	0.1382	396
2009	1	2009.038356	383.949	0.1578	397
2009	2	2009.123288	383.912	0.078	398
2009	3	2009.2	383.58	0.2211	399
2009	4	2009.284932	383.486	0.0977	400
2009	5	2009.367123	383.713	0.1461	401
2009	6	2009.452055	384	0.1985	402
2009	7	2009.534247	384.403	0.1833	403
2009	8	2009.619178	384.868	0.111	404
2009	9	2009.70411	385.089	0.1673	405
2009	10	2009.786301	385.214	0.0782	406
2009	11	2009.871233	385.189	0.1592	407
2009	12	2009.953425	385.103	0.2048	408
2010	1	2010.038356	385.073	0.1749	409
2010	2	2010.123288	384.815	0.1487	410
2010	3	2010.2	384.714	0.0703	411
2010	4	2010.284932	385.014	0.1468	412
2010	5	2010.367123	385.397	0.1417	413
2010	6	2010.452055	385.898	0.2113	414
2010	7	2010.534247	386.565	0.3427	415
2010	8	2010.619178	387.207	0.1712	416
2010	9	2010.70411	387.552	0.1473	417
2010	10	2010.786301	387.551	0.1171	418
2010	11	2010.871233	387.4	0.1843	419
2010	12	2010.953425	387.154	0.1309	420
2011	1	2011.038356	387.012	0.1284	421
2011	2	2011.123288	387.084	0.1814	422
2011	3	2011.2	387.135	0.1706	423
2011	4	2011.284932	387.148	0.0266	424
2011	5	2011.367123	387.395	0.1284	425
2011	6	2011.452055	387.822	0.1184	426
2011	7	2011.534247	388.192	0.1155	427
2011	8	2011.619178	388.627	0.1609	428
2011	9	2011.70411	389.116	0.1791	429
2011	10	2011.786301	389.253	0.1631	430
2011	11	2011.871233	389.061	0.098	431
2011	12	2011.953425	388.928	0.0615	432
2012	1	2012.038251	388.809	0.0691	433
2012	2	2012.122951	388.778	0.1418	434
2012	3	2012.202186	388.81	0.1294	435
2012	4	2012.286885	388.986	0.0923	436
2012	5	2012.368852	389.273	0.1136	437
2012	6	2012.453552	389.696	0.2138	438
2012	7	2012.535519	390.363	0.2247	439
2012	8	2012.620219	391.033	0.1997	440
2012	9	2012.704918	391.458	0.1098	441
2012	10	2012.786885	391.498	0.0775	442
2012	11	2012.871585	391.298	0.1817	443
2012	12	2012.953552	391.215	0.0638	444
2013	1	2013.03836	391.157	0.15	445
2013	2	2013.12329	391.357	0.214	446
2013	3	2013.2	391.673	0.198	447
2013	4	2013.28493	392.017	0.172	448
2013	5	2013.36712	392.342	0.151	449
2013	6	2013.45205	392.679	0.188	450
2013	7	2013.53425	393.248	0.228	451
2013	8	2013.61918	393.738	0.117	452
2013	9	2013.70411	393.938	0.114	453
2013	10	2013.7863	394.003	0.1	454
2013	11	2013.87123	393.959	0.112	455
2013	12	2013.95342	393.776	0.17	456
2014	1	2014.03836	393.623	0.155	457
2014	2	2014.12329	393.668	0.183	458
2014	3	2014.2	393.835	0.166	459
2014	4	2014.28493	394.021	0.099	460
2014	5	2014.36712	394.212	0.11	461
2014	6	2014.45205	394.608	0.181	462
2014	7	2014.53425	395.147	0.205	463
2014	8	2014.61918	395.615	0.147	464
2014	9	2014.70411	395.851	0.128	465
2014	10	2014.7863	395.854	0.143	466
2014	11	2014.87123	395.814	0.095	467
2014	12	2014.95342	395.743	0.165	468
2015	1	2015.03836	395.777	0.176	469
2015	2	2015.12329	395.918	0.178	470
2015	3	2015.2	396.036	0.139	471
2015	4	2015.28493	396.347	0.164	472
2015	5	2015.36712	396.783	0.15	473
2015	6	2015.45205	397.099	0.182	474
2015	7	2015.53425	397.59	0.215	475
2015	8	2015.61918	398.179	0.159	476
2015	9	2015.70411	398.369	0.164	477
2015	10	2015.7863	398.421	0.134	478
2015	11	2015.87123	398.548	0.133	479
2015	12	2015.95342	398.579	0.102	480
2016	1	2016.03825	398.698	0.162	481
2016	2	2016.12295	398.983	0.197	482
2016	3	2016.20219	399.231	0.212	483
2016	4	2016.28689	399.582	0.226	484
2016	5	2016.36885	400.088	0.183	485
2016	6	2016.45355	400.631	0.207	486
2016	7	2016.53552	401.155	0.198	487
2016	8	2016.62022	401.458	0.113	488
2016	9	2016.70492	401.606	0.135	489
2016	10	2016.78689	401.644	0.121	490
2016	11	2016.87158	401.38	0.155	491
2016	12	2016.95355	401.179	0.149	492
2017	1	2017.03836	401.161	0.157	493
2017	2	2017.12329	401.153	0.164	494
2017	3	2017.2	401.254	0.108	495
2017	4	2017.28493	401.513	0.143	496
2017	5	2017.36712	401.75	0.122	497
2017	6	2017.45205	402.051	0.192	498
2017	7	2017.53425	402.685	0.238	499
2017	8	2017.61918	403.245	0.133	500
2017	9	2017.70411	403.455	0.09	501
2017	10	2017.7863	403.585	0.154	502
2017	11	2017.87123	403.693	0.103	503
2017	12	2017.95342	403.699	0.174	504
2018	1	2018.03836	403.75	0.178	505
2018	2	2018.12329	403.815	0.158	506
2018	3	2018.2	403.9	0.139	507
2018	4	2018.28493	404.162	0.176	508
2018	5	2018.36712	404.404	0.134	509
2018	6	2018.45205	404.676	0.162	510
2018	7	2018.53425	405.18	0.213	511
2018	8	2018.61918	405.651	0.134	512
2018	9	2018.70411	405.861	0.099	513
2018	10	2018.7863	405.911	0.158	514
2018	11	2018.87123	405.836	0.159	515
2018	12	2018.95342	405.761	0.136	516
2019	1	2019.03836	405.74	0.178	517
2019	2	2019.12329	405.672	0.137	518
2019	3	2019.2	405.802	0.188	519
2019	4	2019.28493	406.211	0.169	520
2019	5	2019.36712	406.712	0.209	521
2019	6	2019.45205	407.242	0.214	522
2019	7	2019.53425	407.84	0.209	523
2019	8	2019.61918	408.344	0.159	524
2019	9	2019.70411	408.585	0.131	525
2019	10	2019.7863	408.736	0.106	526
2019	11	2019.87123	408.769	0.115	527
2019	12	2019.95342	408.535	0.172	528
2020	1	2020.03825	408.269	0.183	529
2020	2	2020.12295	408.337	0.158	530
2020	3	2020.20219	408.582	0.178	531
2020	4	2020.28689	408.813	0.131	532
2020	5	2020.36885	409.078	0.133	533
2020	6	2020.45355	409.505	0.178	534
2020	7	2020.53552	410.029	0.199	535
2020	8	2020.62022	410.477	0.155	536
2020	9	2020.70492	410.769	0.11	537
2020	10	2020.78689	410.87	0.126	538
2020	11	2020.87158	410.765	0.144	539
2020	12	2020.95355	410.605	0.152	540
2021	1	2021.03836	410.549	0.159	541
2021	2	2021.12329	410.577	0.143	542
2021	3	2021.2	410.727	0.19	543
2021	4	2021.28493	410.848	0.105	544
2021	5	2021.36712	411.015	0.143	545
2021	6	2021.45205	411.396	0.193	546
