year	concentration	spring	summer 	autumn	winter	nthyear	nthqrt
1977	333.439	1	0	0	0	0	0
1977	331.1465	0	1	0	0	0	0.25
1977	332.256	0	0	1	0	0	0.5
1977	332.2435	0	0	0	1	0	0.75
1978	335.2136667	1	0	0	0	1	1
1978	332.646	0	1	0	0	1	1.25
1978	333.7213333	0	0	1	0	1	1.5
1978	334.2061667	0	0	0	1	1	1.75
1979	336.8626667	1	0	0	0	2	2
1979	334.5923333	0	1	0	0	2	2.25
1979	335.687	0	0	1	0	2	2.5
1979	335.673	0	0	0	1	2	2.75
1980	338.3651667	1	0	0	0	3	3
1980	336.2081667	0	1	0	0	3	3.25
1980	337.17	0	0	1	0	3	3.5
1980	337.6028334	0	0	0	1	3	3.75
1981	339.6073333	1	0	0	0	4	4
1981	337.2858333	0	1	0	0	4	4.25
1981	338.5276667	0	0	1	0	4	4.5
1981	339.223	0	0	0	1	4	4.75
1982	340.8845	1	0	0	0	5	5
1982	338.2051667	0	1	0	0	5	5.25
1982	339.1323333	0	0	1	0	5	5.5
1982	340.3353333	0	0	0	1	5	5.75
1983	342.0388333	1	0	0	0	6	6
1983	339.7603333	0	1	0	0	6	6.25
1983	341.061	0	0	1	0	6	6.5
1983	341.1975	0	0	0	1	6	6.75
1984	344.1061667	1	0	0	0	7	7
1984	341.8401667	0	1	0	0	7	7.25
1984	342.9423333	0	0	1	0	7	7.5
1984	343.1471667	0	0	0	1	7	7.75
1985	345.3726667	1	0	0	0	8	8
1985	343.1733333	0	1	0	0	8	8.25
1985	344.2008333	0	0	1	0	8	8.5
1985	344.8156667	0	0	0	1	8	8.75
1986	346.8478333	1	0	0	0	9	9
1986	344.606	0	1	0	0	9	9.25
1986	345.6493333	0	0	1	0	9	9.5
1986	346.079	0	0	0	1	9	9.75
1987	348.2815	1	0	0	0	10	10
1987	345.9923333	0	1	0	0	10	10.25
1987	347.2038334	0	0	1	0	10	10.5
1987	347.3513333	0	0	0	1	10	10.75
1988	350.4993333	1	0	0	0	11	11
1988	348.4933334	0	1	0	0	11	11.25
1988	349.6595	0	0	1	0	11	11.5
1988	349.552	0	0	0	1	11	11.75
1989	352.0518333	1	0	0	0	12	12
1989	349.7608333	0	1	0	0	12	12.25
1989	350.9028333	0	0	1	0	12	12.5
1989	351.5916667	0	0	0	1	12	12.75
1990	353.1835	1	0	0	0	13	13
1990	350.9731667	0	1	0	0	13	13.25
1990	352.2495	0	0	1	0	13	13.5
1990	352.7093333	0	0	0	1	13	13.75
1991	354.8541667	1	0	0	0	14	14
1991	352.2265	0	1	0	0	14	14.25
1991	353.5511667	0	0	1	0	14	14.5
1991	354.3203333	0	0	0	1	14	14.75
1992	356.2063333	1	0	0	0	15	15
1992	353.5951667	0	1	0	0	15	15.25
1992	354.577	0	0	1	0	15	15.5
1992	355.5175	0	0	0	1	15	15.75
1993	357.0545	1	0	0	0	16	16
1993	354.5283334	0	1	0	0	16	16.25
1993	355.6631667	0	0	1	0	16	16.5
1993	356.5243333	0	0	0	1	16	16.75
1994	358.3018333	1	0	0	0	17	17
1994	355.9001667	0	1	0	0	17	17.25
1994	357.3163334	0	0	1	0	17	17.5
1994	357.6863334	0	0	0	1	17	17.75
1995	360.2708334	1	0	0	0	18	18
1995	358.0775	0	1	0	0	18	18.25
1995	359.314	0	0	1	0	18	18.5
1995	359.4325	0	0	0	1	18	18.75
1996	361.996	1	0	0	0	19	19
1996	359.9006667	0	1	0	0	19	19.25
1996	360.762	0	0	1	0	19	19.5
1996	361.3696667	0	0	0	1	19	19.75
1997	363.1691667	1	0	0	0	20	20
1997	360.868	0	1	0	0	20	20.25
1997	362.4346667	0	0	1	0	20	20.5
1997	362.7183333	0	0	0	1	20	20.75
1998	365.5556667	1	0	0	0	21	21
1998	363.5766667	0	1	0	0	21	21.25
1998	365.0088333	0	0	1	0	21	21.5
1998	364.4288333	0	0	0	1	21	21.75
1999	367.775	1	0	0	0	22	22
1999	365.4728333	0	1	0	0	22	22.25
1999	366.6566667	0	0	1	0	22	22.5
1999	367.1575	0	0	0	1	22	22.75
2000	368.9163333	1	0	0	0	23	23
2000	367.0698333	0	1	0	0	23	23.25
2000	368.0001667	0	0	1	0	23	23.5
2000	368.3001667	0	0	0	1	23	23.75
2001	370.4186667	1	0	0	0	24	24
2001	368.2785	0	1	0	0	24	24.25
2001	369.5615	0	0	1	0	24	24.5
2001	369.9226667	0	0	0	1	24	24.75
2002	372.4678334	1	0	0	0	25	25
2002	370.3468334	0	1	0	0	25	25.25
2002	371.803	0	0	1	0	25	25.5
2002	371.4855	0	0	0	1	25	25.75
2003	374.9821667	1	0	0	0	26	26
2003	372.725	0	1	0	0	26	26.25
2003	374.1493334	0	0	1	0	26	26.5
2003	373.9028333	0	0	0	1	26	26.75
2004	376.7408334	1	0	0	0	27	27
2004	374.3956667	0	1	0	0	27	27.25
2004	375.8233333	0	0	1	0	27	27.5
2004	376.2865	0	0	0	1	27	27.75
2005	378.893	1	0	0	0	28	28
2005	376.6006667	0	1	0	0	28	28.25
2005	377.9866667	0	0	1	0	28	28.5
2005	378.1898333	0	0	0	1	28	28.75
2006	381.017	1	0	0	0	29	29
2006	378.8158333	0	1	0	0	29	29.25
2006	380.0053333	0	0	1	0	29	29.5
2006	380.3648333	0	0	0	1	29	29.75
2007	382.738	1	0	0	0	30	30
2007	380.5476667	0	1	0	0	30	30.25
2007	382.0165	0	0	1	0	30	30.5
2007	382.0776667	0	0	0	1	30	30.75
2008	384.7573333	1	0	0	0	31	31
2008	382.7091667	0	1	0	0	31	31.25
2008	383.8963334	0	0	1	0	31	31.5
2008	383.7723333	0	0	0	1	31	31.75
2009	386.5905	1	0	0	0	32	32
2009	384.574	0	1	0	0	32	32.25
2009	385.5915	0	0	1	0	32	32.5
2009	385.9488333	0	0	0	1	32	32.75
2010	388.582	1	0	0	0	33	33
2010	386.3318333	0	1	0	0	33	33.25
2010	387.5808334	0	0	1	0	33	33.5
2010	387.9535	0	0	0	1	33	33.75
2011	390.5971667	1	0	0	0	34	34
2011	388.3416667	0	1	0	0	34	34.25
2011	389.588	0	0	1	0	34	34.5
2011	389.66	0	0	0	1	34	34.75
2012	392.4716667	1	0	0	0	35	35
2012	390.2825	0	1	0	0	35	35.25
2012	391.7698333	0	0	1	0	35	35.5
2012	391.6085	0	0	0	1	35	35.75
2013	395.099	1	0	0	0	36	36
2013	392.7898333	0	1	0	0	36	36.25
2013	394.4103334	0	0	1	0	36	36.5
2013	394.0703333	0	0	0	1	36	36.75
2014	397.445	1	0	0	0	37	37
2014	395.0528333	0	1	0	0	37	37.25
2014	396.4913334	0	0	1	0	37	37.5
2014	396.5591667	0	0	0	1	37	37.75
2015	399.3498334	1	0	0	0	38	38
2015	397.143	0	1	0	0	38	38.25
2015	399.0376667	0	0	1	0	38	38.5
2015	398.5016667	0	0	0	1	38	38.75
2016	402.4696667	1	0	0	0	39	39
2016	400.2883333	0	1	0	0	39	39.25
2016	402.2701667	0	0	1	0	39	39.5
2016	401.6296667	0	0	0	1	39	39.75
2017	405.155	1	0	0	0	40	40
2017	402.7005	0	1	0	0	40	40.25
2017	404.1628334	0	0	1	0	40	40.5
2017	404.4423333	0	0	0	1	40	40.75
2018	407.0105	1	0	0	0	41	41
2018	405.054	0	1	0	0	41	41.25
2018	406.8293333	0	0	1	0	41	41.5
2018	406.0901667	0	0	0	1	41	41.75
2019	409.7663333	1	0	0	0	42	42
2019	407.4771667	0	1	0	0	42	42.25
2019	409.1325	0	0	1	0	42	42.5
2019	408.8645	0	0	0	1	42	42.75
2020	412.4366667	1	0	0	0	43	43
2020	410.1585	0	1	0	0	43	43.25
2020	411.5621667	0	0	1	0	43	43.5
2020	411.4926667	0	0	0	1	43	43.75
