####################################################################### Hawaii #######################################################################
year	concentration	spring	summer	autumn	winter	nthqrt
1977	335.9933333	1	0	0	0	0
1977	331.71	0	1	0	0	0.25
1977	333.6666667	0	0	1	0	0.5
1977	334.7566667	0	0	0	1	0.75
1978	337.51	1	0	0	0	1
1978	333.0766667	0	1	0	0	1.25
1978	334.9366667	0	0	1	0	1.5
1978	336.5366667	0	0	0	1	1.75
1979	338.68	1	0	0	0	2
1979	334.6466667	0	1	0	0	2.25
1979	336.6766667	0	0	1	0	2.5
1979	337.9266667	0	0	0	1	2.75
1980	340.7533333	1	0	0	0	3
1980	336.6866667	0	1	0	0	3.25
1980	338.2933333	0	0	1	0	3.5
1980	339.78	0	0	0	1	3.75
1981	342.1333333	1	0	0	0	4
1981	337.4933333	0	1	0	0	4.25
1981	339.8066667	0	0	1	0	4.5
1981	341.5933333	0	0	0	1	4.75
1982	343.69	1	0	0	0	5
1982	339.01	0	1	0	0	5.25
1982	340.5966667	0	0	1	0	5.5
1982	342.8333333	0	0	0	1	5.75
1983	345.4066667	1	0	0	0	6
1983	341.1666667	0	1	0	0	6.25
1983	343.0666667	0	0	1	0	6.5
1983	343.85	0	0	0	1	6.75
1984	346.91	1	0	0	0	7
1984	342.3966667	0	1	0	0	7.25
1984	344.5966667	0	0	1	0	7.5
1984	345.9133333	0	0	0	1	7.75
1985	348.2766667	1	0	0	0	8
1985	344.0266667	0	1	0	0	8.25
1985	345.8766667	0	0	1	0	8.5
1985	347.66	0	0	0	1	8.75
1986	349.5833333	1	0	0	0	9
1986	345.49	0	1	0	0	9.25
1986	347.4766667	0	0	1	0	9.5
1986	348.53	0	0	0	1	9.75
1987	351.3133333	1	0	0	0	10
1987	347.1933333	0	1	0	0	10.25
1987	349.29	0	0	1	0	10.5
1987	350.0433333	0	0	0	1	10.75
1988	353.6766667	1	0	0	0	11
1988	349.61	0	1	0	0	11.25
1988	351.7033333	0	0	1	0	11.5
1988	352.6233333	0	0	0	1	11.75
1989	355.1466667	1	0	0	0	12
1989	350.7533333	0	1	0	0	12.25
1989	352.7733333	0	0	1	0	12.5
1989	354.41	0	0	0	1	12.75
1990	356.22	1	0	0	0	13
1990	352.0433333	0	1	0	0	13.25
1990	354.16	0	0	1	0	13.5
1990	355.7433333	0	0	0	1	13.75
1991	357.92	1	0	0	0	14
1991	352.9133333	0	1	0	0	14.25
1991	355.1466667	0	0	1	0	14.5
1991	357.3066667	0	0	0	1	14.75
1992	358.7633333	1	0	0	0	15
1992	353.8033333	0	1	0	0	15.25
1992	355.7333333	0	0	1	0	15.5
1992	358.1333333	0	0	0	1	15.75
1993	359.1333333	1	0	0	0	16
1993	354.71	0	1	0	0	16.25
1993	356.9733333	0	0	1	0	16.5
1993	358.4666667	0	0	0	1	16.75
1994	360.7433333	1	0	0	0	17
1994	356.5533333	0	1	0	0	17.25
1994	358.93	0	0	1	0	17.5
1994	360.17	0	0	0	1	17.75
1995	362.98	1	0	0	0	18
1995	358.5966667	0	1	0	0	18.25
1995	360.8766667	0	0	1	0	18.5
1995	362.14	0	0	0	1	18.75
1996	364.6666667	1	0	0	0	19
1996	360.32	0	1	0	0	19.25
1996	362.2233333	0	0	1	0	19.5
1996	364.11	0	0	0	1	19.75
1997	365.6533333	1	0	0	0	20
1997	361.2733333	0	1	0	0	20.25
1997	364.1833333	0	0	1	0	20.5
1997	365.1166667	0	0	0	1	20.75
1998	368.89	1	0	0	0	21
1998	364.9333333	0	1	0	0	21.25
1998	367.1066667	0	0	1	0	21.5
1998	367.4166667	0	0	0	1	21.75
1999	370.3966667	1	0	0	0	22
1999	365.8433333	0	1	0	0	22.25
1999	368.1966667	0	0	1	0	22.5
1999	370.09	0	0	0	1	22.75
2000	371.2133333	1	0	0	0	23
2000	367.5333333	0	1	0	0	23.25
2000	369.7066667	0	0	1	0	23.5
2000	370.8133333	0	0	0	1	23.75
2001	373.0366667	1	0	0	0	24
2001	368.91	0	1	0	0	24.25
2001	371.3533333	0	0	1	0	24.5
2001	372.6233333	0	0	0	1	24.75
2002	375.26	1	0	0	0	25
2002	371.23	0	1	0	0	25.25
2002	373.8266667	0	0	1	0	25.5
2002	374.2866667	0	0	0	1	25.75
2003	378.04	1	0	0	0	26
2003	373.74	0	1	0	0	26.25
2003	376.06	0	0	1	0	26.5
2003	376.7933333	0	0	0	1	26.75
2004	379.44	1	0	0	0	27
2004	375.0766667	0	1	0	0	27.25
2004	377.5466667	0	0	1	0	27.5
2004	379.2166667	0	0	0	1	27.75
2005	381.99	1	0	0	0	28
2005	377.67	0	1	0	0	28.25
2005	380.1433333	0	0	1	0	28.5
2005	381.1133333	0	0	0	1	28.75
2006	384.0366667	1	0	0	0	29
2006	379.6566667	0	1	0	0	29.25
2006	381.8233333	0	0	1	0	29.5
2006	383.3533333	0	0	0	1	29.75
2007	385.9466667	1	0	0	0	30
2007	381.6033333	0	1	0	0	30.25
2007	384.2233333	0	0	1	0	30.5
2007	385.22	0	0	0	1	30.75
2008	387.7933333	1	0	0	0	31
2008	383.6466667	0	1	0	0	31.25
2008	385.79	0	0	1	0	31.5
2008	386.5566667	0	0	0	1	31.75
2009	389.4366667	1	0	0	0	32
2009	385.2933333	0	1	0	0	32.25
2009	387.59	0	0	1	0	32.5
2009	388.8333333	0	0	0	1	32.75
2010	392	1	0	0	0	33
2010	387.6666667	0	1	0	0	33.25
2010	390.12	0	0	1	0	33.5
2010	391.4833333	0	0	0	1	33.75
2011	393.6933333	1	0	0	0	34
2011	389.6	0	1	0	0	34.25
2011	391.95	0	0	1	0	34.5
2011	392.7633333	0	0	0	1	34.75
2012	395.8	1	0	0	0	35
2012	391.7266667	0	1	0	0	35.25
2012	394.5166667	0	0	1	0	35.5
2012	395.0033333	0	0	0	1	35.75
2013	398.78	1	0	0	0	36
2013	394.3366667	0	1	0	0	36.25
2013	396.81	0	0	1	0	36.5
2013	397.7766667	0	0	0	1	36.75
2014	400.9233333	1	0	0	0	37
2014	396.4166667	0	1	0	0	37.25
2014	398.96	0	0	1	0	37.5
2014	399.8966667	0	0	0	1	37.75
2015	402.86	1	0	0	0	38
2015	398.4733333	0	1	0	0	38.25
2015	401.6866667	0	0	1	0	38.5
2015	401.88	0	0	0	1	38.75
2016	406.4933333	1	0	0	0	39
2016	401.8233333	0	1	0	0	39.25
2016	404.9066667	0	0	1	0	39.5
2016	405.6366667	0	0	0	1	39.75
2017	408.7666667	1	0	0	0	40
2017	404.2366667	0	1	0	0	40.25
2017	406.82	0	0	1	0	40.5
2017	407.8033333	0	0	0	1	40.75
2018	410.4433333	1	0	0	0	41
2018	406.3533333	0	1	0	0	41.25
2018	409.5033333	0	0	1	0	41.5
2018	409.52	0	0	0	1	41.75
2019	413.6633333	1	0	0	0	42
2019	409.23	0	1	0	0	42.25
2019	412.0233333	0	0	1	0	42.5
2019	412.56	0	0	0	1	42.75
2020	416.1766667	1	0	0	0	43
2020	411.9366667	0	1	0	0	43.25
2020	414.3	0	0	1	0	43.5
2020	415.1766667	0	0	0	1	43.75

####################################################################### Australia #######################################################################
year	concentration	spring	summer 	autumn	winter	nthyear	nthqrt
1977	330.8846667	1	0	0	0	0	0
1977	330.583	0	1	0	0	0	0.25
1977	330.8453333	0	0	1	0	0	0.5
1977	329.7303333	0	0	0	1	0	0.75
1978	332.9173333	1	0	0	0	1	1
1978	332.2153333	0	1	0	0	1	1.25
1978	332.506	0	0	1	0	1	1.5
1978	331.8756667	0	0	0	1	1	1.75
1979	335.0453333	1	0	0	0	2	2
1979	334.538	0	1	0	0	2	2.25
1979	334.6973333	0	0	1	0	2	2.5
1979	333.4193333	0	0	0	1	2	2.75
1980	335.977	1	0	0	0	3	3
1980	335.7296667	0	1	0	0	3	3.25
1980	336.0466667	0	0	1	0	3	3.5
1980	335.4256667	0	0	0	1	3	3.75
1981	337.0813333	1	0	0	0	4	4
1981	337.0783333	0	1	0	0	4	4.25
1981	337.2486667	0	0	1	0	4	4.5
1981	336.8526667	0	0	0	1	4	4.75
1982	338.079	1	0	0	0	5	5
1982	337.4003333	0	1	0	0	5	5.25
1982	337.668	0	0	1	0	5	5.5
1982	337.8373333	0	0	0	1	5	5.75
1983	338.671	1	0	0	0	6	6
1983	338.354	0	1	0	0	6	6.25
1983	339.0553333	0	0	1	0	6	6.5
1983	338.545	0	0	0	1	6	6.75
1984	341.3023333	1	0	0	0	7	7
1984	341.2836667	0	1	0	0	7	7.25
1984	341.288	0	0	1	0	7	7.5
1984	340.381	0	0	0	1	7	7.75
1985	342.4686667	1	0	0	0	8	8
1985	342.32	0	1	0	0	8	8.25
1985	342.525	0	0	1	0	8	8.5
1985	341.9713333	0	0	0	1	8	8.75
1986	344.1123333	1	0	0	0	9	9
1986	343.722	0	1	0	0	9	9.25
1986	343.822	0	0	1	0	9	9.5
1986	343.628	0	0	0	1	9	9.75
1987	345.2496667	1	0	0	0	10	10
1987	344.7913333	0	1	0	0	10	10.25
1987	345.1176667	0	0	1	0	10	10.5
1987	344.6593333	0	0	0	1	10	10.75
1988	347.322	1	0	0	0	11	11
1988	347.3766667	0	1	0	0	11	11.25
1988	347.6156667	0	0	1	0	11	11.5
1988	346.4806667	0	0	0	1	11	11.75
1989	348.957	1	0	0	0	12	12
1989	348.7683333	0	1	0	0	12	12.25
1989	349.0323333	0	0	1	0	12	12.5
1989	348.7733333	0	0	0	1	12	12.75
1990	350.147	1	0	0	0	13	13
1990	349.903	0	1	0	0	13	13.25
1990	350.339	0	0	1	0	13	13.5
1990	349.6753333	0	0	0	1	13	13.75
1991	351.7883333	1	0	0	0	14	14
1991	351.5396667	0	1	0	0	14	14.25
1991	351.9556667	0	0	1	0	14	14.5
1991	351.334	0	0	0	1	14	14.75
1992	353.6493333	1	0	0	0	15	15
1992	353.387	0	1	0	0	15	15.25
1992	353.4206667	0	0	1	0	15	15.5
1992	352.9016667	0	0	0	1	15	15.75
1993	354.9756667	1	0	0	0	16	16
1993	354.3466667	0	1	0	0	16	16.25
1993	354.353	0	0	1	0	16	16.5
1993	354.582	0	0	0	1	16	16.75
1994	355.8603333	1	0	0	0	17	17
1994	355.247	0	1	0	0	17	17.25
1994	355.7026667	0	0	1	0	17	17.5
1994	355.2026667	0	0	0	1	17	17.75
1995	357.5616667	1	0	0	0	18	18
1995	357.5583333	0	1	0	0	18	18.25
1995	357.7513333	0	0	1	0	18	18.5
1995	356.725	0	0	0	1	18	18.75
1996	359.3253333	1	0	0	0	19	19
1996	359.4813333	0	1	0	0	19	19.25
1996	359.3006667	0	0	1	0	19	19.5
1996	358.6293333	0	0	0	1	19	19.75
1997	360.685	1	0	0	0	20	20
1997	360.4626667	0	1	0	0	20	20.25
1997	360.686	0	0	1	0	20	20.5
1997	360.32	0	0	0	1	20	20.75
1998	362.2213333	1	0	0	0	21	21
1998	362.22	0	1	0	0	21	21.25
1998	362.911	0	0	1	0	21	21.5
1998	361.441	0	0	0	1	21	21.75
1999	365.1533333	1	0	0	0	22	22
1999	365.1023333	0	1	0	0	22	22.25
1999	365.1166667	0	0	1	0	22	22.5
1999	364.225	0	0	0	1	22	22.75
2000	366.6193333	1	0	0	0	23	23
2000	366.6063333	0	1	0	0	23	23.25
2000	366.2936667	0	0	1	0	23	23.5
2000	365.787	0	0	0	1	23	23.75
2001	367.8006667	1	0	0	0	24	24
2001	367.647	0	1	0	0	24	24.25
2001	367.7696667	0	0	1	0	24	24.5
2001	367.222	0	0	0	1	24	24.75
2002	369.6756667	1	0	0	0	25	25
2002	369.4636667	0	1	0	0	25	25.25
2002	369.7793333	0	0	1	0	25	25.5
2002	368.6843333	0	0	0	1	25	25.75
2003	371.9243333	1	0	0	0	26	26
2003	371.71	0	1	0	0	26	26.25
2003	372.2386667	0	0	1	0	26	26.5
2003	371.0123333	0	0	0	1	26	26.75
2004	374.0416667	1	0	0	0	27	27
2004	373.7146667	0	1	0	0	27	27.25
2004	374.1	0	0	1	0	27	27.5
2004	373.3563333	0	0	0	1	27	27.75
2005	375.796	1	0	0	0	28	28
2005	375.5313333	0	1	0	0	28	28.25
2005	375.83	0	0	1	0	28	28.5
2005	375.2663333	0	0	0	1	28	28.75
2006	377.9973333	1	0	0	0	29	29
2006	377.975	0	1	0	0	29	29.25
2006	378.1873333	0	0	1	0	29	29.5
2006	377.3763333	0	0	0	1	29	29.75
2007	379.5293333	1	0	0	0	30	30
2007	379.492	0	1	0	0	30	30.25
2007	379.8096667	0	0	1	0	30	30.5
2007	378.9353333	0	0	0	1	30	30.75
2008	381.7213333	1	0	0	0	31	31
2008	381.7716667	0	1	0	0	31	31.25
2008	382.0026667	0	0	1	0	31	31.5
2008	380.988	0	0	0	1	31	31.75
2009	383.7443333	1	0	0	0	32	32
2009	383.8546667	0	1	0	0	32	32.25
2009	383.593	0	0	1	0	32	32.5
2009	383.0643333	0	0	0	1	32	32.75
2010	385.164	1	0	0	0	33	33
2010	384.997	0	1	0	0	33	33.25
2010	385.0416667	0	0	1	0	33	33.5
2010	384.4236667	0	0	0	1	33	33.75
2011	387.501	1	0	0	0	34	34
2011	387.0833333	0	1	0	0	34	34.25
2011	387.226	0	0	1	0	34	34.5
2011	386.5566667	0	0	0	1	34	34.75
2012	389.1433333	1	0	0	0	35	35
2012	388.8383333	0	1	0	0	35	35.25
2012	389.023	0	0	1	0	35	35.5
2012	388.2136667	0	0	0	1	35	35.75
2013	391.418	1	0	0	0	36	36
2013	391.243	0	1	0	0	36	36.25
2013	392.0106667	0	0	1	0	36	36.5
2013	390.364	0	0	0	1	36	36.75
2014	393.9666667	1	0	0	0	37	37
2014	393.689	0	1	0	0	37	37.25
2014	394.0226667	0	0	1	0	37	37.5
2014	393.2216667	0	0	0	1	37	37.75
2015	395.8396667	1	0	0	0	38	38
2015	395.8126667	0	1	0	0	38	38.25
2015	396.3886667	0	0	1	0	38	38.5
2015	395.1233333	0	0	0	1	38	38.75
2016	398.446	1	0	0	0	39	39
2016	398.7533333	0	1	0	0	39	39.25
2016	399.6336667	0	0	1	0	39	39.5
2016	397.6226667	0	0	0	1	39	39.75
2017	401.5433333	1	0	0	0	40	40
2017	401.1643333	0	1	0	0	40	40.25
2017	401.5056667	0	0	1	0	40	40.5
2017	401.0813333	0	0	0	1	40	40.75
2018	403.5776667	1	0	0	0	41	41
2018	403.7546667	0	1	0	0	41	41.25
2018	404.1553333	0	0	1	0	41	41.5
2018	402.6603333	0	0	0	1	41	41.75
2019	405.8693333	1	0	0	0	42	42
2019	405.7243333	0	1	0	0	42	42.25
2019	406.2416667	0	0	1	0	42	42.5
2019	405.169	0	0	0	1	42	42.75
2020	408.6966667	1	0	0	0	43	43
2020	408.3803333	0	1	0	0	43	43.25
2020	408.8243333	0	0	1	0	43	43.5
2020	407.8086667	0	0	0	1	43	43.75

####################################################################### Global #######################################################################
year	concentration	spring	summer 	autumn	winter	nthyear	nthqrt
1977	333.439	1	0	0	0	0	0
1977	331.1465	0	1	0	0	0	0.25
1977	332.256	0	0	1	0	0	0.5
1977	332.2435	0	0	0	1	0	0.75
1978	335.2136667	1	0	0	0	1	1
1978	332.646	0	1	0	0	1	1.25
1978	333.7213333	0	0	1	0	1	1.5
1978	334.2061667	0	0	0	1	1	1.75
1979	336.8626667	1	0	0	0	2	2
1979	334.5923333	0	1	0	0	2	2.25
1979	335.687	0	0	1	0	2	2.5
1979	335.673	0	0	0	1	2	2.75
1980	338.3651667	1	0	0	0	3	3
1980	336.2081667	0	1	0	0	3	3.25
1980	337.17	0	0	1	0	3	3.5
1980	337.6028334	0	0	0	1	3	3.75
1981	339.6073333	1	0	0	0	4	4
1981	337.2858333	0	1	0	0	4	4.25
1981	338.5276667	0	0	1	0	4	4.5
1981	339.223	0	0	0	1	4	4.75
1982	340.8845	1	0	0	0	5	5
1982	338.2051667	0	1	0	0	5	5.25
1982	339.1323333	0	0	1	0	5	5.5
1982	340.3353333	0	0	0	1	5	5.75
1983	342.0388333	1	0	0	0	6	6
1983	339.7603333	0	1	0	0	6	6.25
1983	341.061	0	0	1	0	6	6.5
1983	341.1975	0	0	0	1	6	6.75
1984	344.1061667	1	0	0	0	7	7
1984	341.8401667	0	1	0	0	7	7.25
1984	342.9423333	0	0	1	0	7	7.5
1984	343.1471667	0	0	0	1	7	7.75
1985	345.3726667	1	0	0	0	8	8
1985	343.1733333	0	1	0	0	8	8.25
1985	344.2008333	0	0	1	0	8	8.5
1985	344.8156667	0	0	0	1	8	8.75
1986	346.8478333	1	0	0	0	9	9
1986	344.606	0	1	0	0	9	9.25
1986	345.6493333	0	0	1	0	9	9.5
1986	346.079	0	0	0	1	9	9.75
1987	348.2815	1	0	0	0	10	10
1987	345.9923333	0	1	0	0	10	10.25
1987	347.2038334	0	0	1	0	10	10.5
1987	347.3513333	0	0	0	1	10	10.75
1988	350.4993333	1	0	0	0	11	11
1988	348.4933334	0	1	0	0	11	11.25
1988	349.6595	0	0	1	0	11	11.5
1988	349.552	0	0	0	1	11	11.75
1989	352.0518333	1	0	0	0	12	12
1989	349.7608333	0	1	0	0	12	12.25
1989	350.9028333	0	0	1	0	12	12.5
1989	351.5916667	0	0	0	1	12	12.75
1990	353.1835	1	0	0	0	13	13
1990	350.9731667	0	1	0	0	13	13.25
1990	352.2495	0	0	1	0	13	13.5
1990	352.7093333	0	0	0	1	13	13.75
1991	354.8541667	1	0	0	0	14	14
1991	352.2265	0	1	0	0	14	14.25
1991	353.5511667	0	0	1	0	14	14.5
1991	354.3203333	0	0	0	1	14	14.75
1992	356.2063333	1	0	0	0	15	15
1992	353.5951667	0	1	0	0	15	15.25
1992	354.577	0	0	1	0	15	15.5
1992	355.5175	0	0	0	1	15	15.75
1993	357.0545	1	0	0	0	16	16
1993	354.5283334	0	1	0	0	16	16.25
1993	355.6631667	0	0	1	0	16	16.5
1993	356.5243333	0	0	0	1	16	16.75
1994	358.3018333	1	0	0	0	17	17
1994	355.9001667	0	1	0	0	17	17.25
1994	357.3163334	0	0	1	0	17	17.5
1994	357.6863334	0	0	0	1	17	17.75
1995	360.2708334	1	0	0	0	18	18
1995	358.0775	0	1	0	0	18	18.25
1995	359.314	0	0	1	0	18	18.5
1995	359.4325	0	0	0	1	18	18.75
1996	361.996	1	0	0	0	19	19
1996	359.9006667	0	1	0	0	19	19.25
1996	360.762	0	0	1	0	19	19.5
1996	361.3696667	0	0	0	1	19	19.75
1997	363.1691667	1	0	0	0	20	20
1997	360.868	0	1	0	0	20	20.25
1997	362.4346667	0	0	1	0	20	20.5
1997	362.7183333	0	0	0	1	20	20.75
1998	365.5556667	1	0	0	0	21	21
1998	363.5766667	0	1	0	0	21	21.25
1998	365.0088333	0	0	1	0	21	21.5
1998	364.4288333	0	0	0	1	21	21.75
1999	367.775	1	0	0	0	22	22
1999	365.4728333	0	1	0	0	22	22.25
1999	366.6566667	0	0	1	0	22	22.5
1999	367.1575	0	0	0	1	22	22.75
2000	368.9163333	1	0	0	0	23	23
2000	367.0698333	0	1	0	0	23	23.25
2000	368.0001667	0	0	1	0	23	23.5
2000	368.3001667	0	0	0	1	23	23.75
2001	370.4186667	1	0	0	0	24	24
2001	368.2785	0	1	0	0	24	24.25
2001	369.5615	0	0	1	0	24	24.5
2001	369.9226667	0	0	0	1	24	24.75
2002	372.4678334	1	0	0	0	25	25
2002	370.3468334	0	1	0	0	25	25.25
2002	371.803	0	0	1	0	25	25.5
2002	371.4855	0	0	0	1	25	25.75
2003	374.9821667	1	0	0	0	26	26
2003	372.725	0	1	0	0	26	26.25
2003	374.1493334	0	0	1	0	26	26.5
2003	373.9028333	0	0	0	1	26	26.75
2004	376.7408334	1	0	0	0	27	27
2004	374.3956667	0	1	0	0	27	27.25
2004	375.8233333	0	0	1	0	27	27.5
2004	376.2865	0	0	0	1	27	27.75
2005	378.893	1	0	0	0	28	28
2005	376.6006667	0	1	0	0	28	28.25
2005	377.9866667	0	0	1	0	28	28.5
2005	378.1898333	0	0	0	1	28	28.75
2006	381.017	1	0	0	0	29	29
2006	378.8158333	0	1	0	0	29	29.25
2006	380.0053333	0	0	1	0	29	29.5
2006	380.3648333	0	0	0	1	29	29.75
2007	382.738	1	0	0	0	30	30
2007	380.5476667	0	1	0	0	30	30.25
2007	382.0165	0	0	1	0	30	30.5
2007	382.0776667	0	0	0	1	30	30.75
2008	384.7573333	1	0	0	0	31	31
2008	382.7091667	0	1	0	0	31	31.25
2008	383.8963334	0	0	1	0	31	31.5
2008	383.7723333	0	0	0	1	31	31.75
2009	386.5905	1	0	0	0	32	32
2009	384.574	0	1	0	0	32	32.25
2009	385.5915	0	0	1	0	32	32.5
2009	385.9488333	0	0	0	1	32	32.75
2010	388.582	1	0	0	0	33	33
2010	386.3318333	0	1	0	0	33	33.25
2010	387.5808334	0	0	1	0	33	33.5
2010	387.9535	0	0	0	1	33	33.75
2011	390.5971667	1	0	0	0	34	34
2011	388.3416667	0	1	0	0	34	34.25
2011	389.588	0	0	1	0	34	34.5
2011	389.66	0	0	0	1	34	34.75
2012	392.4716667	1	0	0	0	35	35
2012	390.2825	0	1	0	0	35	35.25
2012	391.7698333	0	0	1	0	35	35.5
2012	391.6085	0	0	0	1	35	35.75
2013	395.099	1	0	0	0	36	36
2013	392.7898333	0	1	0	0	36	36.25
2013	394.4103334	0	0	1	0	36	36.5
2013	394.0703333	0	0	0	1	36	36.75
2014	397.445	1	0	0	0	37	37
2014	395.0528333	0	1	0	0	37	37.25
2014	396.4913334	0	0	1	0	37	37.5
2014	396.5591667	0	0	0	1	37	37.75
2015	399.3498334	1	0	0	0	38	38
2015	397.143	0	1	0	0	38	38.25
2015	399.0376667	0	0	1	0	38	38.5
2015	398.5016667	0	0	0	1	38	38.75
2016	402.4696667	1	0	0	0	39	39
2016	400.2883333	0	1	0	0	39	39.25
2016	402.2701667	0	0	1	0	39	39.5
2016	401.6296667	0	0	0	1	39	39.75
2017	405.155	1	0	0	0	40	40
2017	402.7005	0	1	0	0	40	40.25
2017	404.1628334	0	0	1	0	40	40.5
2017	404.4423333	0	0	0	1	40	40.75
2018	407.0105	1	0	0	0	41	41
2018	405.054	0	1	0	0	41	41.25
2018	406.8293333	0	0	1	0	41	41.5
2018	406.0901667	0	0	0	1	41	41.75
2019	409.7663333	1	0	0	0	42	42
2019	407.4771667	0	1	0	0	42	42.25
2019	409.1325	0	0	1	0	42	42.5
2019	408.8645	0	0	0	1	42	42.75
2020	412.4366667	1	0	0	0	43	43
2020	410.1585	0	1	0	0	43	43.25
2020	411.5621667	0	0	1	0	43	43.5
2020	411.4926667	0	0	0	1	43	43.75

